00010010001101000101000010110111
00000110011110001001000100010111
00000000001000001000000110110011
01000000000100010000001000110011
00000000101000011000001010010011
00000000010000011111001100110011
00000000010100100010001110110011
00000000011000101110010000110011
00000000011100110100010010110011
00000000111100111111010100010011
00000000111101000110010110010011
00000000111101001100011000010011
00000000000101010001011010110011
00000000001001011101011100110011
01000000001101100101011110110011
00000000001001101001100000010011
00000000001001110101100010010011
01000000001001111101100100010011
00000001000110000010100110110011
00000001001010001011101000110011
00000000010110011010101010010011
00000000010110100011101100010011
00000010100000000000101111101111
00000000010010111000110001100111
00000011011010101000000001100011
00000001010110110001111001100011
00000001011010101100110001100011
00000001010110110101101001100011
00000001011010101110100001100011
00000001010110110111011001100011
00000000000000001010110010000011
00000001100100010010001000100011
00000000000000000000000000010011
